-100
-100
-100
-100
-100
-100
-100
-100
-100
-100
-100
-100
-100
-100
-100
-100
-100
-100
-100
-83.2216
-38.7716
-23.4326
-21.5098
-20.1141
-19.5696
-19.9677
-20.0934
-20.2115
-20.1895
-20.3462
-20.6065
-20.2892
-19.8318
-20.3528
-21.3705
-23.1724
-26.9637
-32.4496
-38.5645
-40.269
-44.0466
-49.5401
-55.6541
-79.4504
-100
-38.7393
-31.6554
-20.6434
-21.6258
-21.7821
-20.8839
-19.6185
-19.7906
-19.599
-20.9292
-20.1385
-18.3519
-23.118
-27.4819
-21.9646
-20.3652
-22.7818
-26.9396
-32.2083
-34.2374
-39.8865
-42.1409
-50.8709
-51.6265
-53.1326
-86.5955
-100
-100
-100
-100
-100
-100
-62.3722
-47.1957
-39.5824
-34.6791
-35.1214
-24.7223
-20.0578
-19.3153
-20.0142
-19.673
-19.0058
-18.5282
-19.4023
-20.3722
-21.4416
-21.1509
-22.1875
-21.7948
-20.5052
-20.2517
-21.1354
-21.6962
-22.779
-24.391
-25.2686
-25.5395
-24.7709
-23.8785
-30.2696
-37.7936
-38.3984
-43.1553
-46.9857
-48.6512
-43.5682
-29.5861
-31.7214
-31.2948
-32.2186
-36.899
-36.7094
-41.7089
-46.7365
-52.6907
-80.6197
-100
-100
-100
-100
-100
-100
-100
-100
-100
-100
-100
-100
-100
-100
-100
-100
-100
-100
-100
-100
-100
-100
-100
-100
-100
-100
-100
-100
-100
-100
-100
-100
-100
-100
-100
-100
-100
-100
-100
-100
-52.9185
-28.6795
-24.9351
-25.7818
-24.0991
-20.547
-19.5032
-17.7477
-19.0626
-19.5569
-19.7427
-19.5326
-19.3304
-19.5666
-19.6694
-18.944
-18.7613
-18.1219
-18.8264
-20.7138
-21.4549
-23.014
-23.1504
-22.8275
-23.4471
-22.307
-18.9888
-20.0323
-16.6414
-15.6136
-15.5496
-15.4311
-15.5614
-16.2459
-19.2834
-24.4915
-28.5003
-31.285
-33.156
-36.5997
-40.8087
-45.3362
-45.0534
-48.3628
-50.5491
-55.9102
-62.2905
-56.7251
-68.2752
-100
-48.0695
-54.3964
-100
-100
-100
-100
-100
-100
-100
-100
-100
-100
-100
-100
-53.5466
-38.1819
-44.5163
-26.7967
-23.3098
-22.274
-21.9159
-21.3884
-20.9585
-20.6684
-21.1184
-22.2688
-23.2775
-21.0096
-17.8105
-19.6168
-19.9491
-20.3466
-20.9869
-20.3916
-20.066
-21.2585
-23.9588
-26.7186
-26.1127
-24.0302
-23.7103
-27.3209
-31.7724
-33.1712
-35.0997
-41.7492
-44.0597
-55.5201
-100
-100
-100
-100
-100
-100
-100
-100
-100
-100
-100
-100
-100
-100
-100
-100
-100
-100
-100
-100
-100
-100
-100
-100
-100
-100
-100
-100
-100
-100
-100
-100
-100
-100
-100
-100
-100
-100
-100
-100
-100
-100
-100
-100
-100
-100
-75.0488
-35.4792
-28.6446
-26.7909
-23.3575
-19.8908
-20.1636
-20.5547
-20.8007
-21.5615
-20.0781
-17.8948
-16.8929
-18.374
-20.9919
-22.0627
-23.6513
-23.8194
-22.6447
-19.2096
-18.4974
-19.8757
-19.7895
-20.01
-19.8236
-19.6505
-19.8672
-19.8961
-20.3239
-22.8605
-30.618
-34.9186
-37.078
-39.0963
-45.3153
-53.2526
-52.9543
-58.6231
-69.6164
-100
-100
-100
-100
-100
-79.593
-69.405
-44.4108
-28.4069
-24.4946
-23.4938
-22.4327
-21.6068
-21.1784
-21.6014
-24.5502
-27.0796
-30.066
-28.2722
-26.901
-27.3772
-30.4968
-36.9592
-37.0404
-36.9381
-41.6152
-41.2874
-37.7207
-52.1813
-55.3655
-64.3569
-100
-100
-100
-64.4241
-55.7296
-41.7308
-40.4678
-45.2973
-48.8812
-45.6962
-40.7506
-38.2167
-38.7901
-37.747
-40.5229
-42.8951
-31.6214
-25.0915
-24.5953
-24.09
-24.1578
-24.9319
-27.8944
-32.5981
-38.6074
-43.0061
-45.1709
-46.9159
-50.7191
-54.1729
-52.0677
-50.4103
-30.1654
-28.4138
-26.7229
-25.0099
-22.1396
-22.3981
-23.1919
-24.1391
-25.3428
-26.5821
-33.3548
-36.3736
-38.5422
-42.4865
-43.1001
-52.6852
-57.0982
-100
-100
-100
-100
-100
-50.1411
-43.7064
-43.152
-50.5315
-39.4213
-29.8641
-26.46
-24.4083
-24.3605
-23.3804
-21.6248
-21.0081
-20.9883
-20.7531
-20.4952
-20.595
-21.5763
-23.3834
-24.6881
-25.2231
-25.2002
-26.3147
-26.8932
-30.2879
-33.4205
-37.2646
-37.4464
-36.5949
-39.4501
-47.1065
-48.8428
-49.8194
-55.0314
-73.6657
-100
-100
-100
-100
-100
-100
-100
-100
-100
-100
-100
-100
-100
-100
-100
-100
-100
-100
-100
-100
-100
-100
-100
-100
-100
