0
0
0
0
0
0
0
0
0
0
0
0
0
0
0
0
0
0
0
0
0
0
0
128
128
128
128
128
129.032
129.032
126.984
125
124.031
125
125.984
128
128
125.984
124.031
120.301
124.031
125.984
125
125.984
0
0
0
0
153.846
149.533
150.943
153.846
156.863
163.265
166.667
172.043
175.824
177.778
186.047
177.778
197.531
188.235
192.771
202.532
192.771
202.532
195.122
200
200
186.047
195.122
0
0
0
0
0
0
0
0
158.416
150.943
144.437
137.931
141.593
139.13
136.752
132.231
130.081
128
126.984
128
130.081
131.148
132.231
135.593
134.454
136.752
139.13
136.752
139.13
140.351
141.593
140.351
135.593
131.148
133.333
132.231
0
0
0
0
0
195.122
166.667
148.148
207.792
181.818
190.476
196.504
202.532
188.235
0
0
0
0
0
0
0
0
0
0
0
0
0
0
0
0
0
0
0
0
0
0
0
0
0
0
0
0
0
0
0
0
0
0
0
0
0
0
0
0
0
0
177.778
150.943
142.857
137.931
133.333
132.231
132.231
136.752
130.081
129.032
126.984
124.031
0
0
123.077
122.137
124.031
124.031
124.031
124.031
125
131.148
136.752
144.144
152.381
161.616
168.421
175.824
181.818
186.047
190.476
192.771
195.122
195.122
195.122
200
200
200
195.122
197.531
195.122
195.122
195.122
197.531
192.771
0
0
0
0
0
1333.33
1333.33
0
0
0
0
0
0
0
0
0
0
0
0
666.667
179.775
179.775
152.381
145.455
144.144
140.351
136.752
134.454
132.231
132.231
131.148
134.454
141.593
140.351
137.931
0
0
0
0
0
129.032
135.593
129.032
145.455
129.032
134.454
132.231
155.34
163.265
145.455
146.789
130.081
148.148
0
0
0
0
0
0
0
0
0
0
0
0
0
0
0
0
0
0
0
0
0
0
0
0
0
0
0
0
0
0
0
0
0
0
0
0
0
0
0
0
0
0
0
0
0
0
0
144.144
137.931
139.13
145.455
0
0
0
0
0
0
156.863
160
161.616
161.616
164.948
164.948
164.948
170.213
175.824
179.775
179.775
181.818
181.818
181.818
181.818
181.818
0
0
179.775
179.775
179.775
179.775
181.818
179.775
179.775
179.775
0
0
0
0
0
0
0
0
0
0
161.616
136.752
135.593
134.454
133.333
132.231
131.148
128
125.984
128
124.031
123.077
133.333
126.984
106.667
155.34
163.265
135.593
161.616
173.913
179.775
0
0
0
0
0
0
0
0
0
0
0
0
0
0
0
0
0
0
172.043
145.455
142.857
141.593
142.857
144.144
142.857
142.857
142.857
142.857
0
0
0
0
0
0
177.778
164.948
163.265
161.616
163.265
160
160
160
160
160
161.616
161.616
161.616
160
163.265
0
0
0
0
0
0
0
164.948
160
148.148
145.455
188.235
132.231
134.454
134.454
134.454
142.857
136.752
135.593
134.454
133.333
133.333
133.333
132.231
129.032
128
128
125.984
122.137
126.984
124.031
123.077
0
0
0
0
0
0
0
0
0
0
0
0
0
0
0
0
0
0
0
0
0
0
0
0
0
0
0
0
0
0
0
0
0
0
0
