0
0
0
0
0
0
0
0
0
0
0
0
0
0
0
0
0
0
0
0
128
128
128
128
128
128
128
128
126.984
125
125
125
125.984
125.984
125.984
125.984
124.031
124.031
123.077
121.212
0
0
0
0
0
0
149.533
150.943
153.846
153.846
156.863
163.265
166.667
172.043
175.824
177.778
177.778
186.047
188.235
192.771
192.771
192.771
192.771
197.531
192.771
192.771
0
0
0
0
0
0
0
0
0
0
0
0
137.931
141.593
141.593
139.13
137.931
136.752
132.231
130.081
128
128
128
130.081
131.148
132.231
134.454
134.454
136.752
136.752
139.13
139.13
140.351
140.351
140.351
135.593
133.333
132.231
130.081
0
0
0
0
0
0
0
0
0
181.818
181.818
181.818
0
0
0
0
0
0
0
0
0
0
0
0
0
0
0
0
0
0
0
0
0
0
0
0
0
0
0
0
0
0
0
0
0
0
0
0
0
0
0
0
0
0
0
0
0
137.931
137.931
137.931
133.333
133.333
133.333
132.231
130.081
129.032
126.984
124.031
123.077
123.077
123.077
123.077
124.031
124.031
124.031
124.031
125
131.148
136.752
144.144
152.381
161.616
168.421
175.824
181.818
186.047
190.476
192.771
195.122
195.122
195.122
200
200
200
197.531
195.122
195.122
195.122
192.771
192.771
0
0
0
0
0
0
0
0
0
0
0
0
0
0
0
0
0
0
0
0
0
150.943
150.943
145.455
144.144
144.144
140.351
136.752
134.454
132.231
132.231
132.231
134.454
137.931
137.931
137.931
136.752
136.752
136.752
135.593
135.593
135.593
135.593
129.032
129.032
0
0
0
0
0
0
0
0
0
0
0
0
0
0
0
0
0
0
0
0
0
0
0
0
0
0
0
0
0
0
0
0
0
0
0
0
0
0
0
0
0
0
0
0
0
0
0
0
0
0
0
0
0
0
0
0
0
137.931
139.13
145.455
145.455
146.789
146.789
146.789
148.148
152.381
156.863
160
161.616
161.616
164.948
164.948
164.948
170.213
175.824
179.775
179.775
181.818
181.818
181.818
181.818
181.818
179.775
179.775
177.778
177.778
179.775
179.775
0
0
0
0
0
0
0
0
0
0
0
0
0
0
135.593
135.593
135.593
134.454
133.333
132.231
131.148
128
126.984
125.984
124.031
123.077
108.108
0
0
108.108
108.108
0
0
0
0
0
0
0
0
0
0
0
0
0
0
0
0
0
0
0
0
0
0
0
141.593
142.857
142.857
142.857
142.857
142.857
142.857
142.857
142.857
142.857
141.593
0
0
0
0
163.265
163.265
163.265
163.265
161.616
160
160
160
160
160
161.616
161.616
161.616
160
0
0
0
0
0
0
0
0
0
0
0
132.231
132.231
132.231
133.333
134.454
134.454
135.593
135.593
135.593
134.454
133.333
133.333
133.333
132.231
129.032
128
128
128
125.984
124.031
124.031
124.031
124.031
128
128
128
0
0
0
0
0
0
0
0
0
0
0
0
0
0
0
0
0
0
0
0
0
0
0
0
0
0
0
0
0
0
0
0
0
