0
0
0
0
0
0
0
0
0
0
0
0
0
0
0
0
0
0
0
0.298957
0.385313
0.461467
0.552931
0.621776
0.642506
0.648958
0.643345
0.651873
0.656402
0.654384
0.659584
0.662266
0.658294
0.664643
0.67404
0.662643
0.645346
0.608572
0.60732
0.626542
0.634635
0.578418
0.4035
0
0
0.420355
0.377856
0.550904
0.625175
0.714615
0.737139
0.751504
0.776728
0.772783
0.774587
0.784893
0.754513
0.620769
0.472476
0.68708
0.804218
0.802509
0.788918
0.770221
0.775822
0.746094
0.761627
0.542367
0.485514
0.279749
0
0
0
0
0
0
0
0.176854
0.68894
0.620157
0.749656
0.604424
0.621219
0.631806
0.49885
0.635465
0.63911
0.644361
0.629962
0.643008
0.593756
0.608426
0.688425
0.716133
0.706798
0.706283
0.698764
0.7101
0.723214
0.728733
0.726997
0.710052
0.689824
0.690055
0.642232
0.511146
0.291841
0.416014
0.275155
0.263755
0.384536
0.252068
0.310295
0.259731
0.316629
0.503294
0.490918
0.718366
0.434118
0.344663
0.416549
0
0
0
0
0
0
0
0
0
0
0
0
0
0
0
0
0
0
0
0
0
0
0
0
0
0
0
0
0
0
0
0
0
0
0
0
0
0
0
0
0
0.437034
0.491302
0.684983
0.707889
0.687092
0.666946
0.674465
0.57839
0.521319
0.627801
0.598379
0.595901
0.609365
0.625542
0.650419
0.630709
0.617852
0.593815
0.573094
0.61495
0.621563
0.642502
0.655804
0.653529
0.655109
0.724472
0.740049
0.803609
0.77951
0.787584
0.814303
0.826204
0.838836
0.836262
0.830622
0.845532
0.835306
0.822468
0.794876
0.810646
0.693558
0.775817
0.758265
0.7088
0.692773
0.661649
0.249391
0.520073
0.411763
0
0.834962
0.868425
0
0
0
0
0
0
0
0
0
0
0
0
0.516101
0.71743
0.350492
0.500866
0.707683
0.721415
0.713462
0.703343
0.681859
0.693468
0.696868
0.679758
0.698068
0.665884
0.597114
0.678069
0.670599
0.680488
0.699125
0.70049
0.68466
0.461162
0.648925
0.405895
0.488537
0.592939
0.372648
0.324517
0.323899
0.595155
0.58961
0.317229
0.366019
0.347548
0
0
0
0
0
0
0
0
0
0
0
0
0
0
0
0
0
0
0
0
0
0
0
0
0
0
0
0
0
0
0
0
0
0
0
0
0
0
0
0
0
0
0
0
0
0
0
0.449317
0.698663
0.713525
0.646376
0.678641
0.714734
0.734239
0.72223
0.675001
0.708815
0.712322
0.744552
0.757025
0.752187
0.744412
0.773929
0.760992
0.78061
0.778234
0.759209
0.791479
0.811727
0.821618
0.81901
0.821757
0.823517
0.754943
0.563135
0.377061
0.499995
0.36262
0.561369
0.715695
0.488206
0.2743
0.420633
0.608254
0.157615
0
0
0
0
0
0.300033
0.338051
0.702817
0.429819
0.656402
0.671695
0.696978
0.689092
0.688654
0.649568
0.64657
0.633
0.618559
0.605178
0.603831
0.306821
0.318513
0.50868
0.392152
0.529681
0.567397
0.554362
0.512868
0.269298
0.33166
0.145391
0
0
0
0.200668
0.379023
0.726642
0.626963
0.447742
0.293806
0.437744
0.446731
0.564967
0.378523
0.368692
0.618497
0.475945
0.207122
0.560552
0.648457
0.676925
0.677474
0.703203
0.702666
0.663079
0.675124
0.604372
0.598044
0.531626
0.406712
0.256129
0.297663
0.268148
0.59579
0.759287
0.731581
0.747066
0.708324
0.731661
0.730166
0.755171
0.771818
0.72777
0.452389
0.494204
0.511066
0.477708
0.486708
0.504075
0.256055
0
0
0
0
0
0.467542
0.712593
0.668221
0.485225
0.396118
0.390423
0.646952
0.679561
0.701775
0.634074
0.701841
0.689093
0.706237
0.684756
0.692369
0.689088
0.673304
0.651775
0.669794
0.656238
0.648316
0.605626
0.621748
0.61477
0.56599
0.440536
0.505031
0.539468
0.460398
0.29997
0.406755
0.186616
0.244909
0.179259
0
0
0
0
0
0
0
0
0
0
0
0
0
0
0
0
0
0
0
0
0
0
0
0
0
