0
0
0
0
0
0
0
0
0
0
0
0
0
0
0
0
0
0
0
0.646356
0.900266
0.912121
0.952977
0.952042
0.943959
0.934879
0.932967
0.94192
0.965285
0.981
0.98348
0.983597
0.988313
0.992937
0.996121
0.997588
0.998032
0.997164
0.996776
0.996917
0.993736
0.967457
0.928945
0.934373
0
0.568682
0.898982
0.983262
0.971815
0.983071
0.984534
0.988709
0.988638
0.986728
0.986445
0.989745
0.990583
0.989822
0.966887
0.993116
0.994463
0.996028
0.995109
0.995783
0.99558
0.993379
0.992191
0.96388
0.941411
0.947565
0.538989
0
0
0
0
0
0
0.930329
0.987276
0.984016
0.871944
0.963524
0.970554
0.967393
0.957719
0.938522
0.944284
0.954962
0.968002
0.97813
0.98481
0.996696
0.997798
0.99818
0.997999
0.998059
0.997929
0.996794
0.996335
0.995252
0.993338
0.992854
0.996034
0.995905
0.992739
0.965911
0.812554
0.818788
0.353267
0.280863
0.62283
0.926114
0.984266
0.975485
0.957547
0.959597
0.94967
0.894852
0.941993
0.923367
0.840394
0.67271
0
0
0
0
0
0
0
0
0
0
0
0
0
0
0
0
0
0
0
0
0
0
0
0
0
0
0
0
0
0
0
0
0
0
0
0
0
0
0
0
0.987787
0.997779
0.997635
0.997248
0.997601
0.998262
0.995471
0.973193
0.951231
0.949032
0.928467
0.920993
0.903038
0.915279
0.921899
0.93479
0.950891
0.961233
0.985385
0.995256
0.996009
0.996542
0.995073
0.983948
0.945434
0.975083
0.986314
0.984722
0.987625
0.984693
0.986902
0.984647
0.992955
0.996024
0.996456
0.996011
0.994063
0.989635
0.987154
0.980582
0.969883
0.953902
0.960719
0.941723
0.960866
0.875375
0.219997
0.708008
0.611964
0
0.84425
0.817803
0
0
0
0
0
0
0
0
0
0
0
0
0.954497
0.957741
0.971765
0.99529
0.992655
0.989107
0.991594
0.99332
0.994737
0.996742
0.997502
0.998108
0.996538
0.984058
0.963657
0.930576
0.885733
0.863824
0.843446
0.858396
0.898025
0.947287
0.992061
0.963071
0.934103
0.971586
0.982258
0.989919
0.994597
0.992709
0.995506
0.981547
0.98303
0.939524
0
0
0
0
0
0
0
0
0
0
0
0
0
0
0
0
0
0
0
0
0
0
0
0
0
0
0
0
0
0
0
0
0
0
0
0
0
0
0
0
0
0
0
0
0
0
0.95592
0.997536
0.99799
0.998009
0.962971
0.892666
0.875544
0.865059
0.864239
0.863554
0.881297
0.936123
0.939601
0.936656
0.979238
0.990175
0.99188
0.992792
0.983437
0.975066
0.963517
0.92408
0.904335
0.903158
0.907814
0.910907
0.91151
0.907163
0.913439
0.921563
0.957856
0.955526
0.955482
0.970178
0.962572
0.882543
0.920482
0.885534
0.851974
0
0
0
0
0
0
0
0.565455
0.938525
0.956778
0.97166
0.968445
0.98411
0.985679
0.989453
0.997428
0.994765
0.99505
0.981103
0.980721
0.985609
0.990809
0.993861
0.995133
0.994268
0.992049
0.990552
0.994947
0.920898
0.819556
0.874658
0
0
0
0.155294
0.201418
0.382655
0.318781
0.199231
0.0231158
0.0570359
0.0783102
0.0914751
-0.082607
0.0775882
0.114326
0.558411
0.976027
0.964534
0.962154
0.966252
0.971631
0.970575
0.97592
0.983954
0.97555
0.949922
0.858265
0.864696
0.811778
0.617925
0.708336
0.81793
0.995492
0.99208
0.988178
0.975041
0.960723
0.95845
0.934079
0.944375
0.967601
0.975563
0.973865
0.955691
0.963181
0.963093
0.979808
0.906236
0.824425
0
0
0
0
0
0.98635
0.993451
0.994621
0.96044
0.969486
0.982289
0.969365
0.966888
0.969053
0.943922
0.961578
0.966216
0.959943
0.948865
0.943964
0.976104
0.99087
0.99557
0.997668
0.996597
0.994177
0.994983
0.986214
0.970476
0.948272
0.847505
0.889347
0.962316
0.885802
0.812108
0.748777
0.884904
0.829006
0.719207
0
0
0
0
0
0
0
0
0
0
0
0
0
0
0
0
0
0
0
0
0
0
0
0
0
